0 	 0.00075 	 0.0273861 	 0.0008 	 0.88786 	 0.183069 	 0.00741682
0.0005 	 0.000753769 	 0.0274549 	 0.00107166 	 0.913859 	 0.144914 	 0.00741691
0.001 	 0.000769823 	 0.0277457 	 0.00122567 	 0.92387 	 0.127051 	 0.00741685
0.0015 	 0.000790722 	 0.0281198 	 0.00135173 	 0.930484 	 0.113912 	 0.00741686
0.002 	 0.000818554 	 0.0286104 	 0.00146623 	 0.93557 	 0.102933 	 0.00741685
0.0025 	 0.000848176 	 0.0291235 	 0.00156686 	 0.939463 	 0.0939277 	 0.00741684
0.003 	 0.000875912 	 0.0295958 	 0.00165395 	 0.942472 	 0.0865629 	 0.00741685
0.0035 	 0.000901984 	 0.0300331 	 0.0017301 	 0.944868 	 0.0804167 	 0.00741683
0.004 	 0.000925069 	 0.030415 	 0.0017983 	 0.946851 	 0.0751267 	 0.00741683
0.0045 	 0.000947269 	 0.0307777 	 0.00186038 	 0.948537 	 0.0704733 	 0.00741683
0.005 	 0.000968992 	 0.0311286 	 0.00191821 	 0.950013 	 0.0662698 	 0.00741684
0.0055 	 0.000987817 	 0.0314296 	 0.00197201 	 0.951313 	 0.0624665 	 0.00741683
0.006 	 0.00100874 	 0.0317607 	 0.00202475 	 0.952524 	 0.0588326 	 0.00741683
0.0065 	 0.0010274 	 0.032053 	 0.0020726 	 0.953571 	 0.055613 	 0.00741682
0.007 	 0.0010453 	 0.032331 	 0.00211843 	 0.954531 	 0.0525957 	 0.00741682
0.0075 	 0.00106421 	 0.0326222 	 0.00216268 	 0.955422 	 0.0497406 	 0.00741682
0.008 	 0.00108342 	 0.0329154 	 0.00220479 	 0.956238 	 0.0470746 	 0.00741682
0.0085 	 0.00110335 	 0.0332167 	 0.00224493 	 0.956989 	 0.0445791 	 0.00741682
0.009 	 0.00112233 	 0.0335013 	 0.00228222 	 0.957663 	 0.0422987 	 0.00741682
0.0095 	 0.00114286 	 0.0338062 	 0.00231821 	 0.958295 	 0.0401313 	 0.00741682
0.01 	 0.00115964 	 0.0340536 	 0.00234964 	 0.958831 	 0.0382646 	 0.00741682
0.0105 	 0.00117463 	 0.0342728 	 0.0023797 	 0.959331 	 0.0365021 	 0.00741682
0.011 	 0.00118812 	 0.0344691 	 0.00240749 	 0.959782 	 0.0348916 	 0.00741682
0.0115 	 0.00120192 	 0.0346688 	 0.00243323 	 0.960192 	 0.0334151 	 0.00741682
0.012 	 0.00121556 	 0.0348649 	 0.00245813 	 0.96058 	 0.0320017 	 0.00741682
0.0125 	 0.00122599 	 0.0350142 	 0.00248071 	 0.960926 	 0.0307319 	 0.00741682
0.013 	 0.00123813 	 0.0351871 	 0.00250312 	 0.961263 	 0.0294819 	 0.00741682
0.0135 	 0.00125261 	 0.0353922 	 0.00252568 	 0.961596 	 0.0282353 	 0.00741682
0.014 	 0.00126369 	 0.0355484 	 0.00254645 	 0.961899 	 0.0270964 	 0.00741683
0.0145 	 0.00127443 	 0.0356991 	 0.00256577 	 0.962175 	 0.0260452 	 0.00741682
0.015 	 0.0012826 	 0.0358134 	 0.00258402 	 0.962433 	 0.0250594 	 0.00741682
0.0155 	 0.00129366 	 0.0359675 	 0.00260206 	 0.962684 	 0.0240916 	 0.00741682
0.016 	 0.00130435 	 0.0361158 	 0.00261999 	 0.962931 	 0.0231355 	 0.00741682
0.0165 	 0.00131926 	 0.0363216 	 0.00263747 	 0.963168 	 0.0222102 	 0.00741682
0.017 	 0.00132979 	 0.0364662 	 0.0026529 	 0.963375 	 0.0213978 	 0.00741682
0.0175 	 0.00134048 	 0.0366126 	 0.0026674 	 0.963568 	 0.0206388 	 0.00741682
0.018 	 0.00134892 	 0.0367277 	 0.00268054 	 0.96374 	 0.0199542 	 0.00741682
0.0185 	 0.00135685 	 0.0368355 	 0.00269339 	 0.963907 	 0.019288 	 0.00741682
0.019 	 0.0013624 	 0.0369107 	 0.00270543 	 0.964063 	 0.0186664 	 0.00741682
0.0195 	 0.00137049 	 0.0370201 	 0.00271737 	 0.964215 	 0.0180528 	 0.00741682
0.02 	 0.00137615 	 0.0370965 	 0.00272806 	 0.964351 	 0.0175059 	 0.00741682
0.0205 	 0.00138122 	 0.0371647 	 0.00273853 	 0.964483 	 0.0169718 	 0.00741682
0.021 	 0.00138696 	 0.0372419 	 0.00274857 	 0.964608 	 0.0164619 	 0.00741682
0.0215 	 0.001396 	 0.0373631 	 0.00275885 	 0.964736 	 0.0159415 	 0.00741682
0.022 	 0.00140121 	 0.0374328 	 0.00276828 	 0.964852 	 0.0154654 	 0.00741682
0.0225 	 0.00140713 	 0.0375117 	 0.00277755 	 0.964965 	 0.0149993 	 0.00741682
0.023 	 0.00141376 	 0.0376 	 0.00278665 	 0.965076 	 0.0145431 	 0.00741682
0.0235 	 0.0014171 	 0.0376444 	 0.00279562 	 0.965185 	 0.0140946 	 0.00741682
0.024 	 0.00142315 	 0.0377247 	 0.0028048 	 0.965295 	 0.0136377 	 0.00741682
0.0245 	 0.00142925 	 0.0378054 	 0.00281312 	 0.965394 	 0.0132244 	 0.00741682
0.025 	 0.00143472 	 0.0378777 	 0.00282111 	 0.965489 	 0.0128286 	 0.00741682
0.0255 	 0.00143954 	 0.0379413 	 0.00282849 	 0.965576 	 0.0124638 	 0.00741682
0.026 	 0.00144161 	 0.0379686 	 0.00283535 	 0.965657 	 0.0121258 	 0.00741682
0.0265 	 0.00144578 	 0.0380235 	 0.00284248 	 0.96574 	 0.0117755 	 0.00741682
0.027 	 0.00144858 	 0.0380602 	 0.00284911 	 0.965818 	 0.0114501 	 0.00741682
0.0275 	 0.00145631 	 0.0381616 	 0.00285595 	 0.965897 	 0.0111157 	 0.00741682
0.028 	 0.00146128 	 0.0382266 	 0.00286203 	 0.965967 	 0.0108186 	 0.00741682
0.0285 	 0.00146413 	 0.0382639 	 0.00286757 	 0.966031 	 0.0105487 	 0.00741682
0.029 	 0.00146699 	 0.0383013 	 0.00287294 	 0.966092 	 0.0102878 	 0.00741682
0.0295 	 0.00146987 	 0.0383389 	 0.00287797 	 0.96615 	 0.0100433 	 0.00741682
0.03 	 0.00147059 	 0.0383482 	 0.0028826 	 0.966203 	 0.00981883 	 0.00741682
0.0305 	 0.00147275 	 0.0383765 	 0.00288719 	 0.966255 	 0.00959666 	 0.00741682
0.031 	 0.00147493 	 0.0384048 	 0.00289162 	 0.966305 	 0.00938278 	 0.00741682
0.0315 	 0.00148002 	 0.038471 	 0.00289623 	 0.966357 	 0.00916038 	 0.00741682
0.032 	 0.00148221 	 0.0384995 	 0.00290033 	 0.966403 	 0.00896274 	 0.00741682
0.0325 	 0.00148588 	 0.0385472 	 0.00290453 	 0.96645 	 0.00876084 	 0.00741682
0.033 	 0.0014881 	 0.0385758 	 0.00290839 	 0.966493 	 0.00857532 	 0.00741682
0.0335 	 0.00148883 	 0.0385854 	 0.00291198 	 0.966533 	 0.00840263 	 0.00741682
0.034 	 0.00148957 	 0.038595 	 0.00291553 	 0.966573 	 0.00823258 	 0.00741682
0.0345 	 0.0014918 	 0.0386238 	 0.0029191 	 0.966612 	 0.00806176 	 0.00741682
0.035 	 0.00149254 	 0.0386334 	 0.00292241 	 0.966649 	 0.00790324 	 0.00741682
0.0355 	 0.00149402 	 0.0386526 	 0.00292578 	 0.966686 	 0.00774236 	 0.00741682
0.036 	 0.00149477 	 0.0386622 	 0.00292894 	 0.966721 	 0.00759173 	 0.00741682
0.0365 	 0.0014985 	 0.0387105 	 0.00293234 	 0.966758 	 0.0074296 	 0.00741682
0.037 	 0.00149925 	 0.0387202 	 0.00293531 	 0.966791 	 0.00728811 	 0.00741682
0.0375 	 0.00150376 	 0.0387783 	 0.00293866 	 0.966828 	 0.00712885 	 0.00741682
0.038 	 0.00150905 	 0.0388465 	 0.00294207 	 0.966865 	 0.00696688 	 0.00741682
0.0385 	 0.00151134 	 0.0388759 	 0.00294496 	 0.966896 	 0.00682968 	 0.00741682
0.039 	 0.0015121 	 0.0388857 	 0.00294769 	 0.966926 	 0.0067003 	 0.00741682
0.0395 	 0.00151286 	 0.0388955 	 0.00295032 	 0.966955 	 0.00657539 	 0.00741682
0.04 	 0.00151515 	 0.0389249 	 0.00295306 	 0.966984 	 0.0064461 	 0.00741682
0.0405 	 0.00151515 	 0.0389249 	 0.00295549 	 0.967011 	 0.00633112 	 0.00741682
0.041 	 0.00151745 	 0.0389545 	 0.00295806 	 0.967039 	 0.00620961 	 0.00741682
0.0415 	 0.00152053 	 0.0389939 	 0.00296081 	 0.967068 	 0.00607984 	 0.00741682
0.042 	 0.00152284 	 0.0390236 	 0.00296327 	 0.967095 	 0.00596377 	 0.00741682
0.0425 	 0.00152362 	 0.0390335 	 0.00296554 	 0.967119 	 0.00585654 	 0.00741682
0.043 	 0.00152517 	 0.0390534 	 0.00296785 	 0.967144 	 0.00574798 	 0.00741682
0.0435 	 0.00152517 	 0.0390534 	 0.00296995 	 0.967167 	 0.00564895 	 0.00741682
0.044 	 0.00152672 	 0.0390732 	 0.00297214 	 0.96719 	 0.00554568 	 0.00741682
0.0445 	 0.00152749 	 0.0390832 	 0.00297424 	 0.967213 	 0.00544735 	 0.00741682
0.045 	 0.00152983 	 0.0391131 	 0.00297648 	 0.967237 	 0.00534197 	 0.00741682
0.0455 	 0.00153218 	 0.039143 	 0.0029788 	 0.967261 	 0.00523319 	 0.00741682
0.046 	 0.00153296 	 0.039153 	 0.0029808 	 0.967283 	 0.00513908 	 0.00741682
0.0465 	 0.00153296 	 0.039153 	 0.0029827 	 0.967303 	 0.00505041 	 0.00741682
0.047 	 0.00153531 	 0.0391831 	 0.00298479 	 0.967325 	 0.00495231 	 0.00741682
0.0475 	 0.00153531 	 0.0391831 	 0.00298658 	 0.967344 	 0.00486843 	 0.00741682
0.048 	 0.00153689 	 0.0392031 	 0.00298851 	 0.967365 	 0.00477806 	 0.00741682
0.0485 	 0.00153689 	 0.0392031 	 0.00299025 	 0.967383 	 0.00469695 	 0.00741682
0.049 	 0.00153767 	 0.0392132 	 0.00299207 	 0.967402 	 0.00461181 	 0.00741682
0.0495 	 0.00153767 	 0.0392132 	 0.00299375 	 0.96742 	 0.00453325 	 0.00741682
0.05 	 0.00154004 	 0.0392434 	 0.00299562 	 0.96744 	 0.004446 	 0.00741682
0.0505 	 0.00154321 	 0.0392837 	 0.00299754 	 0.96746 	 0.00435629 	 0.00741682
0.051 	 0.001544 	 0.0392938 	 0.00299919 	 0.967477 	 0.00427949 	 0.00741682
0.0515 	 0.0015456 	 0.0393141 	 0.00300087 	 0.967495 	 0.0042014 	 0.00741682
0.052 	 0.0015456 	 0.0393141 	 0.00300235 	 0.967511 	 0.00413216 	 0.00741682
0.0525 	 0.0015456 	 0.0393141 	 0.00300382 	 0.967526 	 0.00406405 	 0.00741682
0.053 	 0.00154639 	 0.0393242 	 0.00300536 	 0.967542 	 0.00399206 	 0.00741682
0.0535 	 0.00154719 	 0.0393343 	 0.00300686 	 0.967558 	 0.00392235 	 0.00741682
0.054 	 0.00154719 	 0.0393343 	 0.00300827 	 0.967573 	 0.00385702 	 0.00741682
0.0545 	 0.00154799 	 0.0393445 	 0.00300972 	 0.967588 	 0.00378939 	 0.00741682
0.055 	 0.00154799 	 0.0393445 	 0.00301107 	 0.967602 	 0.00372701 	 0.00741682
0.0555 	 0.00154879 	 0.0393546 	 0.00301244 	 0.967616 	 0.00366326 	 0.00741682
0.056 	 0.00154879 	 0.0393546 	 0.00301376 	 0.96763 	 0.0036019 	 0.00741682
0.0565 	 0.00155039 	 0.039375 	 0.00301517 	 0.967645 	 0.00353653 	 0.00741682
0.057 	 0.00155119 	 0.0393851 	 0.00301652 	 0.967659 	 0.00347393 	 0.00741682
0.0575 	 0.0015536 	 0.0394157 	 0.00301797 	 0.967674 	 0.00340696 	 0.00741682
0.058 	 0.0015536 	 0.0394157 	 0.00301914 	 0.967686 	 0.00335282 	 0.00741682
0.0585 	 0.0015544 	 0.0394259 	 0.00302037 	 0.967699 	 0.0032956 	 0.00741682
0.059 	 0.0015544 	 0.0394259 	 0.00302151 	 0.96771 	 0.00324308 	 0.00741682
0.0595 	 0.00155682 	 0.0394566 	 0.00302283 	 0.967724 	 0.00318203 	 0.00741682
0.06 	 0.00155763 	 0.0394669 	 0.00302401 	 0.967736 	 0.0031275 	 0.00741682
0.0605 	 0.00155844 	 0.0394771 	 0.00302514 	 0.967748 	 0.00307509 	 0.00741682
0.061 	 0.00155844 	 0.0394771 	 0.00302619 	 0.967759 	 0.00302648 	 0.00741682
0.0615 	 0.00155925 	 0.0394874 	 0.00302736 	 0.967771 	 0.00297234 	 0.00741682
0.062 	 0.00156087 	 0.0395079 	 0.0030285 	 0.967783 	 0.00291979 	 0.00741682
0.0625 	 0.00156169 	 0.0395182 	 0.00302956 	 0.967794 	 0.00287105 	 0.00741682
0.063 	 0.0015625 	 0.0395285 	 0.00303062 	 0.967805 	 0.0028221 	 0.00741682
0.0635 	 0.00156331 	 0.0395388 	 0.00303162 	 0.967815 	 0.00277581 	 0.00741682
0.064 	 0.00156331 	 0.0395388 	 0.00303256 	 0.967825 	 0.00273249 	 0.00741682
0.0645 	 0.00156331 	 0.0395388 	 0.00303348 	 0.967834 	 0.00269009 	 0.00741682
0.065 	 0.00156331 	 0.0395388 	 0.00303438 	 0.967843 	 0.00264845 	 0.00741682
0.0655 	 0.00156331 	 0.0395388 	 0.00303527 	 0.967853 	 0.00260752 	 0.00741682
0.066 	 0.00156413 	 0.0395491 	 0.00303624 	 0.967863 	 0.00256303 	 0.00741682
0.0665 	 0.00156495 	 0.0395594 	 0.00303719 	 0.967872 	 0.00251929 	 0.00741682
0.067 	 0.00156658 	 0.03958 	 0.00303828 	 0.967884 	 0.00246896 	 0.00741682
0.0675 	 0.00156822 	 0.0396007 	 0.0030393 	 0.967894 	 0.00242207 	 0.00741682
0.068 	 0.00156904 	 0.0396111 	 0.00304018 	 0.967903 	 0.00238176 	 0.00741682
0.0685 	 0.00156904 	 0.0396111 	 0.00304097 	 0.967911 	 0.00234508 	 0.00741682
0.069 	 0.00156986 	 0.0396214 	 0.00304183 	 0.96792 	 0.00230549 	 0.00741682
0.0695 	 0.00156986 	 0.0396214 	 0.00304261 	 0.967928 	 0.00227003 	 0.00741682
0.07 	 0.00156986 	 0.0396214 	 0.00304336 	 0.967936 	 0.00223525 	 0.00741682
0.0705 	 0.00157068 	 0.0396318 	 0.00304422 	 0.967944 	 0.00219585 	 0.00741682
0.071 	 0.0015715 	 0.0396422 	 0.00304503 	 0.967953 	 0.00215858 	 0.00741682
0.0715 	 0.00157233 	 0.0396526 	 0.00304581 	 0.967961 	 0.00212293 	 0.00741682
0.072 	 0.00157315 	 0.039663 	 0.00304665 	 0.967969 	 0.00208448 	 0.00741682
0.0725 	 0.00157315 	 0.039663 	 0.00304736 	 0.967976 	 0.00205169 	 0.00741682
0.073 	 0.00157315 	 0.039663 	 0.00304805 	 0.967983 	 0.00201995 	 0.00741682
0.0735 	 0.00157315 	 0.039663 	 0.00304874 	 0.96799 	 0.00198833 	 0.00741682
0.074 	 0.00157398 	 0.0396734 	 0.00304952 	 0.967998 	 0.00195269 	 0.00741682
0.0745 	 0.00157398 	 0.0396734 	 0.00305017 	 0.968005 	 0.0019226 	 0.00741682
0.075 	 0.00157398 	 0.0396734 	 0.00305081 	 0.968012 	 0.00189325 	 0.00741682
0.0755 	 0.0015748 	 0.0396838 	 0.00305167 	 0.96802 	 0.00185377 	 0.00741682
0.076 	 0.00157729 	 0.0397151 	 0.00305277 	 0.968031 	 0.00180376 	 0.00741682
0.0765 	 0.00157729 	 0.0397151 	 0.0030534 	 0.968038 	 0.00177452 	 0.00741682
0.077 	 0.00157729 	 0.0397151 	 0.003054 	 0.968044 	 0.0017473 	 0.00741682
0.0775 	 0.00157812 	 0.0397255 	 0.00305466 	 0.968051 	 0.0017171 	 0.00741682
0.078 	 0.00157978 	 0.0397464 	 0.00305532 	 0.968057 	 0.00168689 	 0.00741682
0.0785 	 0.00157978 	 0.0397464 	 0.00305589 	 0.968063 	 0.00166089 	 0.00741682
0.079 	 0.00158061 	 0.0397569 	 0.00305653 	 0.96807 	 0.00163141 	 0.00741682
0.0795 	 0.00158144 	 0.0397674 	 0.00305716 	 0.968076 	 0.0016024 	 0.00741682
0.08 	 0.00158144 	 0.0397674 	 0.00305771 	 0.968082 	 0.00157765 	 0.00741682
0.0805 	 0.00158144 	 0.0397674 	 0.00305824 	 0.968087 	 0.0015534 	 0.00741682
0.081 	 0.00158395 	 0.0397989 	 0.00305903 	 0.968095 	 0.00151718 	 0.00741682
0.0815 	 0.00158479 	 0.0398094 	 0.0030596 	 0.968101 	 0.001491 	 0.00741682
0.082 	 0.00158479 	 0.0398094 	 0.0030601 	 0.968106 	 0.0014682 	 0.00741682
0.0825 	 0.00158479 	 0.0398094 	 0.00306059 	 0.968111 	 0.00144586 	 0.00741682
0.083 	 0.00158562 	 0.0398199 	 0.00306113 	 0.968116 	 0.00142101 	 0.00741682
0.0835 	 0.00158562 	 0.0398199 	 0.00306161 	 0.968121 	 0.00139934 	 0.00741682
0.084 	 0.00158562 	 0.0398199 	 0.00306207 	 0.968126 	 0.00137811 	 0.00741682
0.0845 	 0.00158562 	 0.0398199 	 0.00306253 	 0.96813 	 0.00135711 	 0.00741682
0.085 	 0.00158562 	 0.0398199 	 0.00306298 	 0.968135 	 0.00133655 	 0.00741682
0.0855 	 0.00158562 	 0.0398199 	 0.00306342 	 0.968139 	 0.00131644 	 0.00741682
0.086 	 0.00158562 	 0.0398199 	 0.00306385 	 0.968144 	 0.00129683 	 0.00741682
0.0865 	 0.00158562 	 0.0398199 	 0.00306427 	 0.968148 	 0.00127765 	 0.00741682
0.087 	 0.00158646 	 0.0398304 	 0.00306478 	 0.968153 	 0.00125437 	 0.00741682
0.0875 	 0.00158646 	 0.0398304 	 0.0030652 	 0.968157 	 0.00123537 	 0.00741682
0.088 	 0.0015873 	 0.039841 	 0.00306566 	 0.968162 	 0.00121419 	 0.00741682
0.0885 	 0.0015873 	 0.039841 	 0.00306606 	 0.968166 	 0.00119614 	 0.00741682
0.089 	 0.0015873 	 0.039841 	 0.00306645 	 0.96817 	 0.00117822 	 0.00741682
0.0895 	 0.0015873 	 0.039841 	 0.00306683 	 0.968174 	 0.00116067 	 0.00741682
0.09 	 0.0015873 	 0.039841 	 0.00306721 	 0.968178 	 0.00114347 	 0.00741682
0.0905 	 0.0015873 	 0.039841 	 0.00306758 	 0.968181 	 0.00112657 	 0.00741682
0.091 	 0.0015873 	 0.039841 	 0.00306795 	 0.968185 	 0.00110979 	 0.00741682
0.0915 	 0.0015873 	 0.039841 	 0.00306831 	 0.968189 	 0.00109342 	 0.00741682
0.092 	 0.00158814 	 0.0398515 	 0.00306872 	 0.968193 	 0.00107456 	 0.00741682
0.0925 	 0.00158898 	 0.0398621 	 0.00306914 	 0.968197 	 0.00105538 	 0.00741682
0.093 	 0.00158898 	 0.0398621 	 0.00306949 	 0.968201 	 0.00103955 	 0.00741682
0.0935 	 0.00158898 	 0.0398621 	 0.00306983 	 0.968204 	 0.00102396 	 0.00741682
0.094 	 0.00158983 	 0.0398726 	 0.00307025 	 0.968208 	 0.00100507 	 0.00741682
0.0945 	 0.00158983 	 0.0398726 	 0.00307058 	 0.968212 	 0.0009901 	 0.00741682
0.095 	 0.00159067 	 0.0398832 	 0.00307096 	 0.968215 	 0.000972605 	 0.00741682
0.0955 	 0.00159151 	 0.0398938 	 0.00307141 	 0.96822 	 0.000952309 	 0.00741682
0.096 	 0.00159236 	 0.0399043 	 0.00307179 	 0.968224 	 0.000934953 	 0.00741682
0.0965 	 0.00159236 	 0.0399043 	 0.0030721 	 0.968227 	 0.000920907 	 0.00741682
0.097 	 0.00159236 	 0.0399043 	 0.0030724 	 0.96823 	 0.000907081 	 0.00741682
0.0975 	 0.0015932 	 0.0399149 	 0.00307279 	 0.968234 	 0.000889451 	 0.00741682
0.098 	 0.0015932 	 0.0399149 	 0.00307308 	 0.968237 	 0.000876238 	 0.00741682
0.0985 	 0.0015932 	 0.0399149 	 0.00307337 	 0.96824 	 0.000863085 	 0.00741682
0.099 	 0.0015932 	 0.0399149 	 0.00307365 	 0.968242 	 0.000850171 	 0.00741682
0.0995 	 0.0015932 	 0.0399149 	 0.00307393 	 0.968245 	 0.000837372 	 0.00741682
0.1 	 0.00159405 	 0.0399255 	 0.00307428 	 0.968249 	 0.000821661 	 0.00741682
0.1005 	 0.00159405 	 0.0399255 	 0.00307455 	 0.968251 	 0.000809345 	 0.00741682
0.101 	 0.00159405 	 0.0399255 	 0.00307481 	 0.968254 	 0.000797284 	 0.00741682
0.1015 	 0.00159405 	 0.0399255 	 0.00307508 	 0.968257 	 0.000785245 	 0.00741682
0.102 	 0.0015949 	 0.0399362 	 0.00307543 	 0.96826 	 0.000769165 	 0.00741682
0.1025 	 0.0015949 	 0.0399362 	 0.00307568 	 0.968263 	 0.000757853 	 0.00741682
0.103 	 0.0015949 	 0.0399362 	 0.00307593 	 0.968265 	 0.000746606 	 0.00741682
0.1035 	 0.0015949 	 0.0399362 	 0.00307617 	 0.968268 	 0.000735628 	 0.00741682
0.104 	 0.0015949 	 0.0399362 	 0.0030764 	 0.96827 	 0.000724838 	 0.00741682
0.1045 	 0.0015949 	 0.0399362 	 0.00307664 	 0.968272 	 0.00071421 	 0.00741682
0.105 	 0.0015949 	 0.0399362 	 0.00307687 	 0.968275 	 0.000703758 	 0.00741682
0.1055 	 0.0015949 	 0.0399362 	 0.00307709 	 0.968277 	 0.000693472 	 0.00741682
0.106 	 0.0015949 	 0.0399362 	 0.00307731 	 0.968279 	 0.000683441 	 0.00741682
0.1065 	 0.0015949 	 0.0399362 	 0.00307753 	 0.968281 	 0.000673497 	 0.00741682
0.107 	 0.0015949 	 0.0399362 	 0.00307775 	 0.968284 	 0.000663655 	 0.00741682
0.1075 	 0.0015949 	 0.0399362 	 0.00307796 	 0.968286 	 0.000653913 	 0.00741682
0.108 	 0.0015949 	 0.0399362 	 0.00307817 	 0.968288 	 0.000644346 	 0.00741682
0.1085 	 0.0015949 	 0.0399362 	 0.00307838 	 0.96829 	 0.000634931 	 0.00741682
0.109 	 0.0015949 	 0.0399362 	 0.00307859 	 0.968292 	 0.000625646 	 0.00741682
0.1095 	 0.0015949 	 0.0399362 	 0.00307879 	 0.968294 	 0.000616513 	 0.00741682
0.11 	 0.0015949 	 0.0399362 	 0.00307898 	 0.968296 	 0.000607603 	 0.00741682
0.1105 	 0.0015949 	 0.0399362 	 0.00307918 	 0.968298 	 0.000598664 	 0.00741682
0.111 	 0.0015949 	 0.0399362 	 0.00307937 	 0.9683 	 0.000589882 	 0.00741682
0.1115 	 0.0015949 	 0.0399362 	 0.00307957 	 0.968302 	 0.000581108 	 0.00741682
0.112 	 0.0015949 	 0.0399362 	 0.00307976 	 0.968304 	 0.000572343 	 0.00741682
0.1125 	 0.0015949 	 0.0399362 	 0.00307995 	 0.968306 	 0.000563658 	 0.00741682
0.113 	 0.0015949 	 0.0399362 	 0.00308013 	 0.968307 	 0.000555499 	 0.00741682
0.1135 	 0.0015949 	 0.0399362 	 0.00308031 	 0.968309 	 0.000547377 	 0.00741682
0.114 	 0.0015949 	 0.0399362 	 0.00308048 	 0.968311 	 0.000539391 	 0.00741682
0.1145 	 0.0015949 	 0.0399362 	 0.00308066 	 0.968313 	 0.000531528 	 0.00741682
0.115 	 0.0015949 	 0.0399362 	 0.00308083 	 0.968314 	 0.000523811 	 0.00741682
0.1155 	 0.0015949 	 0.0399362 	 0.00308099 	 0.968316 	 0.000516223 	 0.00741682
0.116 	 0.0015949 	 0.0399362 	 0.00308116 	 0.968318 	 0.000508771 	 0.00741682
0.1165 	 0.0015949 	 0.0399362 	 0.00308132 	 0.968319 	 0.000501431 	 0.00741682
0.117 	 0.0015949 	 0.0399362 	 0.00308148 	 0.968321 	 0.0004941 	 0.00741682
0.1175 	 0.0015949 	 0.0399362 	 0.00308164 	 0.968322 	 0.000486891 	 0.00741682
0.118 	 0.0015949 	 0.0399362 	 0.0030818 	 0.968324 	 0.000479887 	 0.00741682
0.1185 	 0.0015949 	 0.0399362 	 0.00308195 	 0.968325 	 0.000472922 	 0.00741682
0.119 	 0.00159574 	 0.0399468 	 0.00308217 	 0.968328 	 0.000462992 	 0.00741682
0.1195 	 0.00159574 	 0.0399468 	 0.00308232 	 0.968329 	 0.00045624 	 0.00741682
0.12 	 0.00159574 	 0.0399468 	 0.00308246 	 0.968331 	 0.000449656 	 0.00741682
0.1205 	 0.00159574 	 0.0399468 	 0.00308261 	 0.968332 	 0.000443033 	 0.00741682
0.121 	 0.00159574 	 0.0399468 	 0.00308275 	 0.968333 	 0.000436581 	 0.00741682
0.1215 	 0.00159574 	 0.0399468 	 0.00308289 	 0.968335 	 0.000430239 	 0.00741682
0.122 	 0.00159574 	 0.0399468 	 0.00308303 	 0.968336 	 0.000423998 	 0.00741682
0.1225 	 0.00159574 	 0.0399468 	 0.00308316 	 0.968338 	 0.000417854 	 0.00741682
0.123 	 0.00159659 	 0.0399574 	 0.00308342 	 0.96834 	 0.000406136 	 0.00741682
0.1235 	 0.00159659 	 0.0399574 	 0.00308355 	 0.968341 	 0.000400242 	 0.00741682
0.124 	 0.00159659 	 0.0399574 	 0.00308367 	 0.968343 	 0.000394585 	 0.00741682
0.1245 	 0.00159659 	 0.0399574 	 0.0030838 	 0.968344 	 0.000388859 	 0.00741682
0.125 	 0.00159659 	 0.0399574 	 0.00308393 	 0.968345 	 0.000383189 	 0.00741682
0.1255 	 0.00159659 	 0.0399574 	 0.00308405 	 0.968346 	 0.000377621 	 0.00741682
0.126 	 0.00159659 	 0.0399574 	 0.00308417 	 0.968348 	 0.000372148 	 0.00741682
0.1265 	 0.00159659 	 0.0399574 	 0.00308429 	 0.968349 	 0.000366755 	 0.00741682
0.127 	 0.00159659 	 0.0399574 	 0.00308441 	 0.96835 	 0.000361442 	 0.00741682
0.1275 	 0.00159659 	 0.0399574 	 0.00308452 	 0.968351 	 0.000356204 	 0.00741682
0.128 	 0.00159744 	 0.039968 	 0.00308471 	 0.968353 	 0.000347723 	 0.00741682
0.1285 	 0.00159744 	 0.039968 	 0.00308482 	 0.968354 	 0.000342638 	 0.00741682
0.129 	 0.00159744 	 0.039968 	 0.00308493 	 0.968355 	 0.000337626 	 0.00741682
0.1295 	 0.00159744 	 0.039968 	 0.00308504 	 0.968356 	 0.000332688 	 0.00741682
0.13 	 0.0015983 	 0.0399787 	 0.00308522 	 0.968358 	 0.000324516 	 0.00741682
0.1305 	 0.0015983 	 0.0399787 	 0.00308533 	 0.968359 	 0.000319716 	 0.00741682
0.131 	 0.0015983 	 0.0399787 	 0.00308543 	 0.96836 	 0.00031501 	 0.00741682
0.1315 	 0.0015983 	 0.0399787 	 0.00308553 	 0.968361 	 0.000310381 	 0.00741682
0.132 	 0.0015983 	 0.0399787 	 0.00308563 	 0.968362 	 0.000305822 	 0.00741682
0.1325 	 0.0015983 	 0.0399787 	 0.00308573 	 0.968363 	 0.000301333 	 0.00741682
0.133 	 0.0015983 	 0.0399787 	 0.00308583 	 0.968364 	 0.000296861 	 0.00741682
0.1335 	 0.0015983 	 0.0399787 	 0.00308593 	 0.968365 	 0.000292513 	 0.00741682
0.134 	 0.0015983 	 0.0399787 	 0.00308602 	 0.968366 	 0.000288234 	 0.00741682
0.1345 	 0.0015983 	 0.0399787 	 0.00308611 	 0.968367 	 0.000284025 	 0.00741682
0.135 	 0.0015983 	 0.0399787 	 0.0030862 	 0.968368 	 0.00027988 	 0.00741682
0.1355 	 0.0015983 	 0.0399787 	 0.00308629 	 0.968369 	 0.000275802 	 0.00741682
0.136 	 0.0015983 	 0.0399787 	 0.00308638 	 0.96837 	 0.000271786 	 0.00741682
0.1365 	 0.0015983 	 0.0399787 	 0.00308647 	 0.968371 	 0.000267829 	 0.00741682
0.137 	 0.0015983 	 0.0399787 	 0.00308656 	 0.968371 	 0.000263931 	 0.00741682
0.1375 	 0.0015983 	 0.0399787 	 0.00308664 	 0.968372 	 0.000260091 	 0.00741682
0.138 	 0.0015983 	 0.0399787 	 0.00308672 	 0.968373 	 0.000256312 	 0.00741682
0.1385 	 0.0015983 	 0.0399787 	 0.00308681 	 0.968374 	 0.000252583 	 0.00741682
0.139 	 0.0015983 	 0.0399787 	 0.00308689 	 0.968375 	 0.000248906 	 0.00741682
0.1395 	 0.0015983 	 0.0399787 	 0.00308697 	 0.968376 	 0.000245294 	 0.00741682
0.14 	 0.00159915 	 0.0399893 	 0.00308711 	 0.968377 	 0.000238659 	 0.00741682
0.1405 	 0.00160085 	 0.0400107 	 0.0030873 	 0.968379 	 0.000230239 	 0.00741682
0.141 	 0.00160085 	 0.0400107 	 0.00308737 	 0.96838 	 0.000226889 	 0.00741682
0.1415 	 0.00160085 	 0.0400107 	 0.00308745 	 0.96838 	 0.000223588 	 0.00741682
0.142 	 0.00160085 	 0.0400107 	 0.00308752 	 0.968381 	 0.000220337 	 0.00741682
0.1425 	 0.00160085 	 0.0400107 	 0.00308759 	 0.968382 	 0.00021713 	 0.00741682
0.143 	 0.00160085 	 0.0400107 	 0.00308766 	 0.968382 	 0.000213908 	 0.00741682
0.1435 	 0.00160085 	 0.0400107 	 0.00308773 	 0.968383 	 0.000210772 	 0.00741682
0.144 	 0.00160085 	 0.0400107 	 0.0030878 	 0.968384 	 0.000207697 	 0.00741682
0.1445 	 0.00160085 	 0.0400107 	 0.00308786 	 0.968384 	 0.000204653 	 0.00741682
0.145 	 0.00160085 	 0.0400107 	 0.00308793 	 0.968385 	 0.000201661 	 0.00741682
0.1455 	 0.00160085 	 0.0400107 	 0.003088 	 0.968386 	 0.00019871 	 0.00741682
0.146 	 0.00160085 	 0.0400107 	 0.00308806 	 0.968386 	 0.000195808 	 0.00741682
0.1465 	 0.00160085 	 0.0400107 	 0.00308812 	 0.968387 	 0.000192974 	 0.00741682
0.147 	 0.00160085 	 0.0400107 	 0.00308818 	 0.968388 	 0.000190137 	 0.00741682
0.1475 	 0.00160085 	 0.0400107 	 0.00308825 	 0.968388 	 0.000187355 	 0.00741682
0.148 	 0.00160085 	 0.0400107 	 0.00308831 	 0.968389 	 0.000184629 	 0.00741682
0.1485 	 0.00160085 	 0.0400107 	 0.00308837 	 0.968389 	 0.000181945 	 0.00741682
0.149 	 0.00160085 	 0.0400107 	 0.00308842 	 0.96839 	 0.000179294 	 0.00741682
0.1495 	 0.00160085 	 0.0400107 	 0.00308848 	 0.968391 	 0.000176692 	 0.00741682
0.15 	 0.00160085 	 0.0400107 	 0.00308854 	 0.968391 	 0.000174126 	 0.00741682
0.1505 	 0.00160085 	 0.0400107 	 0.00308859 	 0.968392 	 0.0001716 	 0.00741682
0.151 	 0.00160085 	 0.0400107 	 0.00308865 	 0.968392 	 0.000169111 	 0.00741682
0.1515 	 0.00160085 	 0.0400107 	 0.0030887 	 0.968393 	 0.000166661 	 0.00741682
0.152 	 0.00160085 	 0.0400107 	 0.00308876 	 0.968393 	 0.000164241 	 0.00741682
0.1525 	 0.00160085 	 0.0400107 	 0.00308881 	 0.968394 	 0.000161888 	 0.00741682
0.153 	 0.00160085 	 0.0400107 	 0.00308886 	 0.968394 	 0.000159537 	 0.00741682
0.1535 	 0.00160085 	 0.0400107 	 0.00308891 	 0.968395 	 0.000157223 	 0.00741682
0.154 	 0.00160085 	 0.0400107 	 0.00308896 	 0.968395 	 0.000154942 	 0.00741682
0.1545 	 0.00160085 	 0.0400107 	 0.00308901 	 0.968396 	 0.000152695 	 0.00741682
0.155 	 0.00160085 	 0.0400107 	 0.00308906 	 0.968396 	 0.000150482 	 0.00741682
0.1555 	 0.00160085 	 0.0400107 	 0.00308911 	 0.968397 	 0.000148296 	 0.00741682
0.156 	 0.00160085 	 0.0400107 	 0.00308916 	 0.968397 	 0.000146149 	 0.00741682
0.1565 	 0.00160085 	 0.0400107 	 0.0030892 	 0.968398 	 0.000144032 	 0.00741682
0.157 	 0.00160171 	 0.0400214 	 0.00308937 	 0.968399 	 0.000136638 	 0.00741682
0.1575 	 0.00160171 	 0.0400214 	 0.00308941 	 0.9684 	 0.000134642 	 0.00741682
0.158 	 0.00160171 	 0.0400214 	 0.00308945 	 0.9684 	 0.000132681 	 0.00741682
0.1585 	 0.00160171 	 0.0400214 	 0.0030895 	 0.968401 	 0.000130748 	 0.00741682
0.159 	 0.00160171 	 0.0400214 	 0.00308954 	 0.968401 	 0.000128844 	 0.00741682
0.1595 	 0.00160171 	 0.0400214 	 0.00308958 	 0.968401 	 0.000127016 	 0.00741682
0.16 	 0.00160171 	 0.0400214 	 0.00308962 	 0.968402 	 0.000125117 	 0.00741682
0.1605 	 0.00160171 	 0.0400214 	 0.00308966 	 0.968402 	 0.000123294 	 0.00741682
0.161 	 0.00160171 	 0.0400214 	 0.0030897 	 0.968403 	 0.000121403 	 0.00741682
0.1615 	 0.00160171 	 0.0400214 	 0.00308974 	 0.968403 	 0.000119632 	 0.00741682
0.162 	 0.00160171 	 0.0400214 	 0.00308978 	 0.968403 	 0.000117848 	 0.00741682
0.1625 	 0.00160171 	 0.0400214 	 0.00308982 	 0.968404 	 0.000116118 	 0.00741682
0.163 	 0.00160171 	 0.0400214 	 0.00308986 	 0.968404 	 0.000114417 	 0.00741682
0.1635 	 0.00160171 	 0.0400214 	 0.00308989 	 0.968405 	 0.000112742 	 0.00741682
0.164 	 0.00160171 	 0.0400214 	 0.00308993 	 0.968405 	 0.000111093 	 0.00741682
0.1645 	 0.00160171 	 0.0400214 	 0.00308997 	 0.968405 	 0.000109468 	 0.00741682
0.165 	 0.00160171 	 0.0400214 	 0.00309 	 0.968406 	 0.000107867 	 0.00741682
0.1655 	 0.00160171 	 0.0400214 	 0.00309004 	 0.968406 	 0.000106292 	 0.00741682
0.166 	 0.00160171 	 0.0400214 	 0.00309007 	 0.968406 	 0.000104741 	 0.00741682
0.1665 	 0.00160171 	 0.0400214 	 0.0030901 	 0.968407 	 0.000103211 	 0.00741682
0.167 	 0.00160171 	 0.0400214 	 0.00309014 	 0.968407 	 0.000101705 	 0.00741682
0.1675 	 0.00160171 	 0.0400214 	 0.00309017 	 0.968407 	 0.000100217 	 0.00741682
0.168 	 0.00160171 	 0.0400214 	 0.0030902 	 0.968408 	 9.87529e-05 	 0.00741682
0.1685 	 0.00160171 	 0.0400214 	 0.00309023 	 0.968408 	 9.73144e-05 	 0.00741682
0.169 	 0.00160171 	 0.0400214 	 0.00309027 	 0.968408 	 9.58973e-05 	 0.00741682
0.1695 	 0.00160171 	 0.0400214 	 0.0030903 	 0.968409 	 9.45012e-05 	 0.00741682
0.17 	 0.00160171 	 0.0400214 	 0.00309033 	 0.968409 	 9.31249e-05 	 0.00741682
0.1705 	 0.00160171 	 0.0400214 	 0.00309036 	 0.968409 	 9.1769e-05 	 0.00741682
0.171 	 0.00160171 	 0.0400214 	 0.00309039 	 0.968409 	 9.04327e-05 	 0.00741682
0.1715 	 0.00160171 	 0.0400214 	 0.00309041 	 0.96841 	 8.91161e-05 	 0.00741682
0.172 	 0.00160171 	 0.0400214 	 0.00309044 	 0.96841 	 8.78145e-05 	 0.00741682
0.1725 	 0.00160171 	 0.0400214 	 0.00309047 	 0.96841 	 8.65362e-05 	 0.00741682
0.173 	 0.00160171 	 0.0400214 	 0.0030905 	 0.968411 	 8.53804e-05 	 0.00741682
0.1735 	 0.00160171 	 0.0400214 	 0.00309052 	 0.968411 	 8.41329e-05 	 0.00741682
0.174 	 0.00160171 	 0.0400214 	 0.00309055 	 0.968411 	 8.29065e-05 	 0.00741682
0.1745 	 0.00160171 	 0.0400214 	 0.00309058 	 0.968411 	 8.16981e-05 	 0.00741682
0.175 	 0.00160171 	 0.0400214 	 0.00309061 	 0.968412 	 8.05076e-05 	 0.00741682
0.1755 	 0.00160171 	 0.0400214 	 0.00309063 	 0.968412 	 7.93348e-05 	 0.00741682
0.176 	 0.00160171 	 0.0400214 	 0.00309066 	 0.968412 	 7.81791e-05 	 0.00741682
0.1765 	 0.00160171 	 0.0400214 	 0.00309068 	 0.968412 	 7.70407e-05 	 0.00741682
0.177 	 0.00160171 	 0.0400214 	 0.00309071 	 0.968413 	 7.59191e-05 	 0.00741682
0.1775 	 0.00160171 	 0.0400214 	 0.00309073 	 0.968413 	 7.48141e-05 	 0.00741682
0.178 	 0.00160171 	 0.0400214 	 0.00309075 	 0.968413 	 7.37254e-05 	 0.00741682
0.1785 	 0.00160171 	 0.0400214 	 0.00309078 	 0.968413 	 7.26498e-05 	 0.00741682
0.179 	 0.00160171 	 0.0400214 	 0.0030908 	 0.968414 	 7.15924e-05 	 0.00741682
0.1795 	 0.00160171 	 0.0400214 	 0.00309082 	 0.968414 	 7.05507e-05 	 0.00741682
0.18 	 0.00160171 	 0.0400214 	 0.00309085 	 0.968414 	 6.95232e-05 	 0.00741682
0.1805 	 0.00160171 	 0.0400214 	 0.00309087 	 0.968414 	 6.8512e-05 	 0.00741682
0.181 	 0.00160171 	 0.0400214 	 0.00309089 	 0.968415 	 6.75157e-05 	 0.00741682
0.1815 	 0.00160171 	 0.0400214 	 0.00309091 	 0.968415 	 6.65341e-05 	 0.00741682
0.182 	 0.00160171 	 0.0400214 	 0.00309094 	 0.968415 	 6.55671e-05 	 0.00741682
0.1825 	 0.00160171 	 0.0400214 	 0.00309096 	 0.968415 	 6.46137e-05 	 0.00741682
0.183 	 0.00160171 	 0.0400214 	 0.00309098 	 0.968415 	 6.36749e-05 	 0.00741682
0.1835 	 0.00160171 	 0.0400214 	 0.003091 	 0.968416 	 6.27499e-05 	 0.00741682
0.184 	 0.00160171 	 0.0400214 	 0.00309102 	 0.968416 	 6.18319e-05 	 0.00741682
0.1845 	 0.00160171 	 0.0400214 	 0.00309104 	 0.968416 	 6.09335e-05 	 0.00741682
0.185 	 0.00160171 	 0.0400214 	 0.00309106 	 0.968416 	 5.98063e-05 	 0.00741682
0.1855 	 0.00160171 	 0.0400214 	 0.00309108 	 0.968416 	 5.89346e-05 	 0.00741682
0.186 	 0.00160171 	 0.0400214 	 0.0030911 	 0.968417 	 5.80774e-05 	 0.00741682
0.1865 	 0.00160171 	 0.0400214 	 0.00309112 	 0.968417 	 5.72333e-05 	 0.00741682
0.187 	 0.00160171 	 0.0400214 	 0.00309114 	 0.968417 	 5.64004e-05 	 0.00741682
0.1875 	 0.00160171 	 0.0400214 	 0.00309116 	 0.968417 	 5.5581e-05 	 0.00741682
0.188 	 0.00160171 	 0.0400214 	 0.00309117 	 0.968417 	 5.47736e-05 	 0.00741682
0.1885 	 0.00160171 	 0.0400214 	 0.00309119 	 0.968417 	 5.39781e-05 	 0.00741682
0.189 	 0.00160171 	 0.0400214 	 0.00309121 	 0.968418 	 5.31942e-05 	 0.00741682
0.1895 	 0.00160171 	 0.0400214 	 0.00309123 	 0.968418 	 5.24209e-05 	 0.00741682
0.19 	 0.00160171 	 0.0400214 	 0.00309124 	 0.968418 	 5.16597e-05 	 0.00741682
0.1905 	 0.00160171 	 0.0400214 	 0.00309126 	 0.968418 	 5.09093e-05 	 0.00741682
0.191 	 0.00160171 	 0.0400214 	 0.00309128 	 0.968418 	 5.01701e-05 	 0.00741682
0.1915 	 0.00160171 	 0.0400214 	 0.00309129 	 0.968418 	 4.94419e-05 	 0.00741682
0.192 	 0.00160171 	 0.0400214 	 0.00309131 	 0.968419 	 4.87243e-05 	 0.00741682
0.1925 	 0.00160171 	 0.0400214 	 0.00309132 	 0.968419 	 4.80173e-05 	 0.00741682
0.193 	 0.00160171 	 0.0400214 	 0.00309134 	 0.968419 	 4.73205e-05 	 0.00741682
0.1935 	 0.00160171 	 0.0400214 	 0.00309135 	 0.968419 	 4.6634e-05 	 0.00741682
0.194 	 0.00160171 	 0.0400214 	 0.00309137 	 0.968419 	 4.59574e-05 	 0.00741682
0.1945 	 0.00160171 	 0.0400214 	 0.00309138 	 0.968419 	 4.52908e-05 	 0.00741682
0.195 	 0.00160171 	 0.0400214 	 0.0030914 	 0.96842 	 4.46339e-05 	 0.00741682
0.1955 	 0.00160171 	 0.0400214 	 0.00309141 	 0.96842 	 4.39867e-05 	 0.00741682
0.196 	 0.00160171 	 0.0400214 	 0.00309143 	 0.96842 	 4.33485e-05 	 0.00741682
0.1965 	 0.00160171 	 0.0400214 	 0.00309144 	 0.96842 	 4.27201e-05 	 0.00741682
0.197 	 0.00160171 	 0.0400214 	 0.00309145 	 0.96842 	 4.21007e-05 	 0.00741682
0.1975 	 0.00160171 	 0.0400214 	 0.00309147 	 0.96842 	 4.14905e-05 	 0.00741682
0.198 	 0.00160171 	 0.0400214 	 0.00309148 	 0.96842 	 4.08891e-05 	 0.00741682
0.1985 	 0.00160171 	 0.0400214 	 0.00309149 	 0.96842 	 4.02962e-05 	 0.00741682
0.199 	 0.00160171 	 0.0400214 	 0.00309151 	 0.968421 	 3.96358e-05 	 0.00741682
0.1995 	 0.00160171 	 0.0400214 	 0.00309152 	 0.968421 	 3.9059e-05 	 0.00741682
0.2 	 0.00160171 	 0.0400214 	 0.00309153 	 0.968421 	 3.84907e-05 	 0.00741682
0.2005 	 0.00160256 	 0.040032 	 0.00309161 	 0.968422 	 3.49153e-05 	 0.00741682
0.201 	 0.00160256 	 0.040032 	 0.00309162 	 0.968422 	 3.44031e-05 	 0.00741682
0.2015 	 0.00160256 	 0.040032 	 0.00309163 	 0.968422 	 3.38984e-05 	 0.00741682
0.202 	 0.00160256 	 0.040032 	 0.00309165 	 0.968422 	 3.34018e-05 	 0.00741682
0.2025 	 0.00160256 	 0.040032 	 0.00309166 	 0.968422 	 3.29124e-05 	 0.00741682
0.203 	 0.00160256 	 0.040032 	 0.00309167 	 0.968422 	 3.24303e-05 	 0.00741682
0.2035 	 0.00160256 	 0.040032 	 0.00309168 	 0.968422 	 3.19548e-05 	 0.00741682
0.204 	 0.00160256 	 0.040032 	 0.00309169 	 0.968422 	 3.14869e-05 	 0.00741682
0.2045 	 0.00160256 	 0.040032 	 0.0030917 	 0.968423 	 3.10259e-05 	 0.00741682
0.205 	 0.00160256 	 0.040032 	 0.00309171 	 0.968423 	 3.05709e-05 	 0.00741682
0.2055 	 0.00160256 	 0.040032 	 0.00309172 	 0.968423 	 3.0118e-05 	 0.00741682
0.206 	 0.00160256 	 0.040032 	 0.00309173 	 0.968423 	 2.96772e-05 	 0.00741682
0.2065 	 0.00160342 	 0.0400427 	 0.00309184 	 0.968424 	 2.45272e-05 	 0.00741682
0.207 	 0.00160342 	 0.0400427 	 0.00309185 	 0.968424 	 2.41658e-05 	 0.00741682
0.2075 	 0.00160342 	 0.0400427 	 0.00309186 	 0.968424 	 2.38097e-05 	 0.00741682
0.208 	 0.00160342 	 0.0400427 	 0.00309187 	 0.968424 	 2.34589e-05 	 0.00741682
0.2085 	 0.00160342 	 0.0400427 	 0.00309187 	 0.968424 	 2.31123e-05 	 0.00741682
0.209 	 0.00160342 	 0.0400427 	 0.00309188 	 0.968424 	 2.27718e-05 	 0.00741682
0.2095 	 0.00160342 	 0.0400427 	 0.00309189 	 0.968424 	 2.24364e-05 	 0.00741682
0.21 	 0.00160342 	 0.0400427 	 0.0030919 	 0.968424 	 2.21058e-05 	 0.00741682
0.2105 	 0.00160342 	 0.0400427 	 0.0030919 	 0.968425 	 2.17801e-05 	 0.00741682
0.211 	 0.00160342 	 0.0400427 	 0.00309191 	 0.968425 	 2.14592e-05 	 0.00741682
0.2115 	 0.00160342 	 0.0400427 	 0.00309192 	 0.968425 	 2.11425e-05 	 0.00741682
0.212 	 0.00160342 	 0.0400427 	 0.00309192 	 0.968425 	 2.0831e-05 	 0.00741682
0.2125 	 0.00160342 	 0.0400427 	 0.00309193 	 0.968425 	 2.05242e-05 	 0.00741682
0.213 	 0.00160342 	 0.0400427 	 0.00309194 	 0.968425 	 2.02219e-05 	 0.00741682
0.2135 	 0.00160342 	 0.0400427 	 0.00309194 	 0.968425 	 1.99241e-05 	 0.00741682
0.214 	 0.00160342 	 0.0400427 	 0.00309195 	 0.968425 	 1.96307e-05 	 0.00741682
0.2145 	 0.00160342 	 0.0400427 	 0.00309196 	 0.968425 	 1.93416e-05 	 0.00741682
0.215 	 0.00160342 	 0.0400427 	 0.00309196 	 0.968425 	 1.90568e-05 	 0.00741682
0.2155 	 0.00160342 	 0.0400427 	 0.00309197 	 0.968425 	 1.87762e-05 	 0.00741682
0.216 	 0.00160342 	 0.0400427 	 0.00309198 	 0.968425 	 1.84996e-05 	 0.00741682
0.2165 	 0.00160342 	 0.0400427 	 0.00309198 	 0.968425 	 1.82271e-05 	 0.00741682
0.217 	 0.00160342 	 0.0400427 	 0.00309199 	 0.968425 	 1.79587e-05 	 0.00741682
0.2175 	 0.00160342 	 0.0400427 	 0.00309199 	 0.968425 	 1.76942e-05 	 0.00741682
0.218 	 0.00160342 	 0.0400427 	 0.003092 	 0.968425 	 1.74337e-05 	 0.00741682
0.2185 	 0.00160342 	 0.0400427 	 0.003092 	 0.968426 	 1.7177e-05 	 0.00741682
0.219 	 0.00160342 	 0.0400427 	 0.00309201 	 0.968426 	 1.69228e-05 	 0.00741682
0.2195 	 0.00160342 	 0.0400427 	 0.00309202 	 0.968426 	 1.66737e-05 	 0.00741682
0.22 	 0.00160342 	 0.0400427 	 0.00309202 	 0.968426 	 1.64283e-05 	 0.00741682
0.2205 	 0.00160342 	 0.0400427 	 0.00309203 	 0.968426 	 1.61864e-05 	 0.00741682
0.221 	 0.00160342 	 0.0400427 	 0.00309203 	 0.968426 	 1.59481e-05 	 0.00741682
0.2215 	 0.00160342 	 0.0400427 	 0.00309204 	 0.968426 	 1.57133e-05 	 0.00741682
0.222 	 0.00160342 	 0.0400427 	 0.00309204 	 0.968426 	 1.5482e-05 	 0.00741682
0.2225 	 0.00160342 	 0.0400427 	 0.00309205 	 0.968426 	 1.52535e-05 	 0.00741682
0.223 	 0.00160342 	 0.0400427 	 0.00309205 	 0.968426 	 1.5029e-05 	 0.00741682
0.2235 	 0.00160342 	 0.0400427 	 0.00309206 	 0.968426 	 1.48078e-05 	 0.00741682
0.224 	 0.00160342 	 0.0400427 	 0.00309206 	 0.968426 	 1.45891e-05 	 0.00741682
0.2245 	 0.00160342 	 0.0400427 	 0.00309207 	 0.968426 	 1.43744e-05 	 0.00741682
0.225 	 0.00160342 	 0.0400427 	 0.00309207 	 0.968426 	 1.41629e-05 	 0.00741682
0.2255 	 0.00160342 	 0.0400427 	 0.00309208 	 0.968426 	 1.39545e-05 	 0.00741682
0.226 	 0.00160342 	 0.0400427 	 0.00309208 	 0.968426 	 1.37492e-05 	 0.00741682
0.2265 	 0.00160342 	 0.0400427 	 0.00309208 	 0.968426 	 1.35469e-05 	 0.00741682
0.227 	 0.00160342 	 0.0400427 	 0.00309209 	 0.968426 	 1.33476e-05 	 0.00741682
0.2275 	 0.00160342 	 0.0400427 	 0.00309209 	 0.968426 	 1.31512e-05 	 0.00741682
0.228 	 0.00160342 	 0.0400427 	 0.0030921 	 0.968426 	 1.29577e-05 	 0.00741682
0.2285 	 0.00160342 	 0.0400427 	 0.0030921 	 0.968427 	 1.27671e-05 	 0.00741682
0.229 	 0.00160342 	 0.0400427 	 0.00309211 	 0.968427 	 1.25793e-05 	 0.00741682
0.2295 	 0.00160342 	 0.0400427 	 0.00309211 	 0.968427 	 1.23943e-05 	 0.00741682
0.23 	 0.00160342 	 0.0400427 	 0.00309211 	 0.968427 	 1.22083e-05 	 0.00741682
0.2305 	 0.00160342 	 0.0400427 	 0.00309212 	 0.968427 	 1.20288e-05 	 0.00741682
0.231 	 0.00160342 	 0.0400427 	 0.00309212 	 0.968427 	 1.18515e-05 	 0.00741682
0.2315 	 0.00160342 	 0.0400427 	 0.00309213 	 0.968427 	 1.16773e-05 	 0.00741682
0.232 	 0.00160342 	 0.0400427 	 0.00309213 	 0.968427 	 1.15055e-05 	 0.00741682
0.2325 	 0.00160342 	 0.0400427 	 0.00309213 	 0.968427 	 1.13363e-05 	 0.00741682
0.233 	 0.00160342 	 0.0400427 	 0.00309214 	 0.968427 	 1.11199e-05 	 0.00741682
0.2335 	 0.00160342 	 0.0400427 	 0.00309214 	 0.968427 	 1.09547e-05 	 0.00741682
0.234 	 0.00160342 	 0.0400427 	 0.00309215 	 0.968427 	 1.07931e-05 	 0.00741682
0.2345 	 0.00160342 	 0.0400427 	 0.00309215 	 0.968427 	 1.0634e-05 	 0.00741682
0.235 	 0.00160342 	 0.0400427 	 0.00309215 	 0.968427 	 1.04772e-05 	 0.00741682
0.2355 	 0.00160342 	 0.0400427 	 0.00309216 	 0.968427 	 1.03227e-05 	 0.00741682
0.236 	 0.00160342 	 0.0400427 	 0.00309216 	 0.968427 	 1.01705e-05 	 0.00741682
0.2365 	 0.00160342 	 0.0400427 	 0.00309216 	 0.968427 	 1.00206e-05 	 0.00741682
0.237 	 0.00160342 	 0.0400427 	 0.00309217 	 0.968427 	 9.87286e-06 	 0.00741682
0.2375 	 0.00160342 	 0.0400427 	 0.00309217 	 0.968427 	 9.72733e-06 	 0.00741682
0.238 	 0.00160342 	 0.0400427 	 0.00309217 	 0.968427 	 9.58394e-06 	 0.00741682
0.2385 	 0.00160342 	 0.0400427 	 0.00309218 	 0.968427 	 9.44267e-06 	 0.00741682
0.239 	 0.00160342 	 0.0400427 	 0.00309218 	 0.968427 	 9.3035e-06 	 0.00741682
0.2395 	 0.00160342 	 0.0400427 	 0.00309218 	 0.968427 	 9.16637e-06 	 0.00741682
0.24 	 0.00160342 	 0.0400427 	 0.00309218 	 0.968427 	 9.03128e-06 	 0.00741682
0.2405 	 0.00160342 	 0.0400427 	 0.00309219 	 0.968427 	 8.89672e-06 	 0.00741682
0.241 	 0.00160342 	 0.0400427 	 0.00309219 	 0.968427 	 8.76562e-06 	 0.00741682
0.2415 	 0.00160342 	 0.0400427 	 0.00309219 	 0.968427 	 8.63644e-06 	 0.00741682
0.242 	 0.00160342 	 0.0400427 	 0.0030922 	 0.968427 	 8.50918e-06 	 0.00741682
0.2425 	 0.00160342 	 0.0400427 	 0.0030922 	 0.968427 	 8.38379e-06 	 0.00741682
0.243 	 0.00160342 	 0.0400427 	 0.0030922 	 0.968428 	 8.26026e-06 	 0.00741682
0.2435 	 0.00160342 	 0.0400427 	 0.0030922 	 0.968428 	 8.13855e-06 	 0.00741682
0.244 	 0.00160342 	 0.0400427 	 0.00309221 	 0.968428 	 8.01864e-06 	 0.00741682
0.2445 	 0.00160342 	 0.0400427 	 0.00309221 	 0.968428 	 7.90012e-06 	 0.00741682
0.245 	 0.00160342 	 0.0400427 	 0.00309221 	 0.968428 	 7.78373e-06 	 0.00741682
0.2455 	 0.00160342 	 0.0400427 	 0.00309221 	 0.968428 	 7.66906e-06 	 0.00741682
0.246 	 0.00160342 	 0.0400427 	 0.00309222 	 0.968428 	 7.55608e-06 	 0.00741682
0.2465 	 0.00160342 	 0.0400427 	 0.00309222 	 0.968428 	 7.44477e-06 	 0.00741682
0.247 	 0.00160342 	 0.0400427 	 0.00309222 	 0.968428 	 7.33511e-06 	 0.00741682
0.2475 	 0.00160342 	 0.0400427 	 0.00309222 	 0.968428 	 7.22703e-06 	 0.00741682
0.248 	 0.00160342 	 0.0400427 	 0.00309223 	 0.968428 	 7.12059e-06 	 0.00741682
0.2485 	 0.00160342 	 0.0400427 	 0.00309223 	 0.968428 	 7.01571e-06 	 0.00741682
0.249 	 0.00160342 	 0.0400427 	 0.00309223 	 0.968428 	 6.91238e-06 	 0.00741682
0.2495 	 0.00160342 	 0.0400427 	 0.00309223 	 0.968428 	 6.81058e-06 	 0.00741682
0.25 	 0.00160342 	 0.0400427 	 0.00309224 	 0.968428 	 6.71028e-06 	 0.00741682
